RS_Number,Coord,Alleles,MAF,Distance,Dprime,R2,Correlated_Alleles,FORGEdb,RegulomeDB,Function
rs1016578,chr8:129199566,(G/A),0.1436,0,1.0,1.0,"G=G,A=A",4.0,4,
rs11780156,chr8:129194641,(C/T),0.1438,-4925,0.9919,0.9822,"G=C,A=T",6.0,5,
rs72722756,chr8:129186110,(T/C),0.1442,-13456,0.9886,0.9726,"G=T,A=C",7.0,2b,
rs12542202,chr8:129184555,(G/A),0.1378,-15011,0.9831,0.9212,"G=G,A=A",7.0,2b,
rs72722780,chr8:129210179,(C/T),0.146,10613,0.9479,0.8813,"G=C,A=T",4.0,4,
rs7836152,chr8:129211415,(G/A),0.146,11849,0.9479,0.8813,"G=G,A=A",5.0,3a,
rs11776569,chr8:129215700,(G/T),0.1458,16134,0.9463,0.8797,"G=G,A=T",4.0,5,
rs67397162,chr8:129194009,(C/T),0.1679,-5557,0.9933,0.8195,"G=C,A=T",6.0,6,
rs11778142,chr8:129183417,(T/C),0.1536,-16149,0.9359,0.8094,"G=T,A=C",5.0,4,
rs1121946,chr8:129165198,(T/G),0.15,-34368,0.8904,0.7533,"G=T,A=G",7.0,5,
rs11997192,chr8:129218127,(A/G),0.1709,18561,0.9463,0.7282,"G=A,A=G",6.0,4,
rs10956414,chr8:129172633,(G/A),0.1723,-26933,0.8908,0.6389,"G=G,A=A",4.0,5,
rs7814495,chr8:129161453,(G/C),0.1633,-38113,0.8038,0.5549,"G=G,A=C",5.0,5,
rs12676630,chr8:129145876,(C/T),0.1362,-53690,0.7483,0.5266,"G=C,A=T",5.0,3a,
rs12542995,chr8:129145022,(C/T),0.1364,-54544,0.747,0.5256,"G=C,A=T",6.0,6,
rs1499369,chr8:129143680,(G/A),0.1362,-55886,0.7466,0.5242,"G=G,A=A",4.0,4,
rs10956412,chr8:129162497,(A/C),0.2216,-37069,0.8803,0.4562,"G=A,A=C",7.0,4,
rs1121948,chr8:129165056,(A/G),0.2774,-34510,0.975,0.4152,"G=A,A=G",7.0,4,
rs7017073,chr8:129204262,(T/C),0.2859,4696,0.9942,0.4137,"G=T,A=C",6.0,7,
rs12545591,chr8:129188851,(C/A),0.0649,-10715,0.9964,0.411,"G=C,A=A",6.0,4,
rs72722764,chr8:129202909,(G/T),0.2905,3343,0.9941,0.4046,"G=G,A=T",4.0,4,
rs72722742,chr8:129144290,(A/G),0.1689,-55276,0.6988,0.4027,"G=A,A=G",4.0,7,
rs12680075,chr8:129148524,(T/C),0.1661,-51042,0.6898,0.4003,"G=T,A=C",5.0,5,
rs12675643,chr8:129165692,(T/A),0.2863,-33874,0.9766,0.3985,"G=T,A=A",6.0,2b,
rs3802171,chr8:129200759,(A/G),0.2975,1193,0.996,0.3927,"G=A,A=G",4.0,5,
rs55929956,chr8:129199261,(G/A),0.2977,-305,0.996,0.3923,"G=G,A=A",3.0,5,
rs6992491,chr8:129197903,(C/G),0.2969,-1663,0.9941,0.3922,"G=C,A=G",5.0,4,
rs6999335,chr8:129192584,(A/G),0.2979,-6982,0.996,0.3919,"G=A,A=G",5.0,5,
rs7825555,chr8:129186266,(A/T),0.2971,-13300,0.9921,0.3903,"G=A,A=T",6.0,5,
rs1902789,chr8:129185104,(A/G),0.2971,-14462,0.9921,0.3903,"G=A,A=G",4.0,5,
rs12676304,chr8:129163295,(A/C),0.2893,-36271,0.9726,0.3895,"G=A,A=C",4.0,4,
rs759651,chr8:129164288,(T/C),0.2899,-35278,0.9726,0.3883,"G=T,A=C",6.0,4,
rs56354710,chr8:129199352,(T/A),0.3055,-214,0.996,0.378,"G=T,A=A",5.0,5,
rs6999897,chr8:129192710,(G/A),0.3059,-6856,0.996,0.3773,"G=G,A=A",5.0,5,
rs992241,chr8:129203312,(A/C),0.3067,3746,0.996,0.3759,"G=A,A=C",6.0,5,
rs59183453,chr8:129202906,(T/G),0.3057,3340,0.99,0.3731,"G=T,A=G",4.0,3a,
rs55883423,chr8:129224888,(G/C),0.233,25322,0.8205,0.3714,"G=G,A=C",5.0,4,
rs7006455,chr8:129181367,(C/T),0.3073,-18199,0.9859,0.3673,"G=C,A=T",5.0,4,
rs56152647,chr8:129195921,(G/A),0.3127,-3645,0.996,0.3655,"G=G,A=A",5.0,4,
rs11783807,chr8:129194536,(T/C),0.3139,-5030,0.9959,0.3635,"G=T,A=C",5.0,5,
rs150429218,chr8:129155276,(-/TATG),0.1462,-44290,0.6074,0.3613,"G=-,A=TATG",,.,
rs12546580,chr8:129180513,(G/A),0.3107,-19053,0.9839,0.36,"G=G,A=A",6.0,4,
rs11299600,chr8:129204572,(A/-),0.3137,5006,0.9858,0.3564,"G=A,A=-",,.,
rs10956413,chr8:129167185,(C/A),0.3109,-32381,0.9758,0.3538,"G=C,A=A",4.0,4,
rs10956416,chr8:129190290,(T/C),0.3225,-9276,0.9959,0.3493,"G=T,A=C",8.0,3a,
rs10106296,chr8:129205610,(G/A),0.2999,6044,0.9444,0.349,"G=G,A=A",4.0,4,
rs1499364,chr8:129179926,(A/G),0.3159,-19640,0.9797,0.3484,"G=A,A=G",8.0,2a,
rs6470608,chr8:129196570,(C/G),0.3233,-2996,0.9959,0.348,"G=C,A=G",6.0,5,
rs1902778,chr8:129194850,(C/G),0.3233,-4716,0.9959,0.348,"G=C,A=G",4.0,5,
rs10808567,chr8:129192961,(G/T),0.3233,-6605,0.9959,0.348,"G=G,A=T",6.0,4,
rs3802173,chr8:129199914,(G/T),0.3237,348,0.9959,0.3474,"G=G,A=T",4.0,5,
rs3802172,chr8:129199915,(C/T),0.3237,349,0.9959,0.3474,"G=C,A=T",4.0,5,
rs11989994,chr8:129217909,(C/T),0.3001,18343,0.9424,0.3472,"G=C,A=T",4.0,5,
rs12550618,chr8:129212443,(C/T),0.3007,12877,0.9423,0.3461,"G=C,A=T",4.0,5,
rs16902714,chr8:129203826,(C/T),0.3249,4260,0.9959,0.3455,"G=C,A=T",6.0,4,
rs16902716,chr8:129203946,(T/C),0.3249,4380,0.9959,0.3455,"G=T,A=C",7.0,4,
rs10492292,chr8:129203191,(C/A),0.3247,3625,0.9938,0.3444,"G=C,A=A",6.0,5,
rs16902715,chr8:129203857,(C/T),0.3247,4291,0.9938,0.3444,"G=C,A=T",7.0,4,
rs35135218,chr8:129189576,(A/-),0.2965,-9990,0.9288,0.3431,"G=A,A=-",,.,
rs1875028,chr8:129173675,(G/C),0.3203,-25891,0.9795,0.3414,"G=G,A=C",6.0,3a,
rs10505509,chr8:129148754,(G/A),0.1885,-50812,0.6864,0.34,"G=G,A=A",5.0,4,
rs1967315,chr8:129224182,(G/A),0.3007,24616,0.9324,0.3389,"G=G,A=A",3.0,5,
rs759647,chr8:129168588,(T/C),0.3233,-30978,0.9774,0.3352,"G=T,A=C",4.0,5,
rs9283955,chr8:129219805,(G/C),0.3079,20239,0.9417,0.3342,"G=G,A=C",2.0,5,
rs7002044,chr8:129177370,(C/A),0.3259,-22196,0.9794,0.3326,"G=C,A=A",4.0,5,
rs1902787,chr8:129217854,(T/C),0.3093,18288,0.9416,0.3319,"G=T,A=C",4.0,7,
rs10956415,chr8:129179621,(C/A),0.3267,-19945,0.9793,0.3314,"G=C,A=A",6.0,5,
rs10601187,chr8:129209155,(TATT/-),0.3105,9589,0.9435,0.3314,"G=TATT,A=-",,.,
rs7001706,chr8:129169758,(G/C),0.3275,-29808,0.9793,0.3302,"G=G,A=C",6.0,2b,
rs72722767,chr8:129205103,(G/A),0.3387,5537,0.9832,0.3164,"G=G,A=A",5.0,5,
rs17383047,chr8:129227763,(G/A),0.1464,28197,0.5682,0.3157,"G=G,A=A",4.0,5,
rs56161112,chr8:129227921,(C/G),0.1464,28355,0.5682,0.3157,"G=C,A=G",2.0,5,
rs16893186,chr8:129170026,(T/C),0.3377,-29540,0.979,0.3152,"G=T,A=C",4.0,5,
rs7825915,chr8:129207365,(T/A),0.3229,7799,0.9425,0.3123,"G=T,A=A",2.0,4,
rs35880503,chr8:129143192,(T/-),0.2013,-56374,0.6848,0.312,"G=T,A=-",,.,
rs12541578,chr8:129238347,(C/G),0.141,38781,0.5485,0.2945,"G=C,A=G",5.0,2b,
rs62527113,chr8:129234309,(G/C),0.1426,34743,0.5421,0.2915,"G=G,A=C",4.0,4,
rs12541389,chr8:129243389,(C/T),0.1426,43823,0.5405,0.2897,"G=C,A=T",5.0,4,
rs72724706,chr8:129244551,(C/G),0.1428,44985,0.5395,0.2891,"G=C,A=G",3.0,7,
rs12542862,chr8:129245387,(G/T),0.1448,45821,0.5349,0.2833,"G=G,A=T",3.0,5,
rs10492294,chr8:129246415,(T/C),0.1448,46849,0.5349,0.2833,"G=T,A=C",5.0,4,
rs72722728,chr8:129121731,(C/A),0.0958,-77835,0.6205,0.2435,"G=C,A=A",7.0,4,
rs62513189,chr8:129142246,(T/C),0.1494,-57320,0.4833,0.223,"G=T,A=C",5.0,3a,
rs2893652,chr8:129275391,(G/A),0.1448,75825,0.4698,0.2186,"G=G,A=A",5.0,4,
rs9792320,chr8:129265059,(G/A),0.145,65493,0.4681,0.2166,"G=G,A=A",3.0,5,
rs72722727,chr8:129119667,(T/C),0.0946,-79899,0.5886,0.2161,"G=T,A=C",6.0,4,
rs11781323,chr8:129250493,(G/T),0.1727,50927,0.5141,0.2122,"G=G,A=T",4.0,5,
rs7462432,chr8:129252287,(A/T),0.1693,52721,0.4927,0.1996,"G=A,A=T",4.0,5,
rs4380894,chr8:129252052,(T/A),0.1695,52486,0.4926,0.1992,"G=T,A=A",4.0,4,
rs7825863,chr8:129260309,(T/C),0.1697,60743,0.4924,0.1989,"G=T,A=C",4.0,4,
rs11782729,chr8:129253544,(T/C),0.1699,53978,0.4923,0.1985,"G=T,A=C",6.0,3a,
rs34980093,chr8:129260906,(C/A),0.1699,61340,0.4923,0.1985,"G=C,A=A",6.0,7,
rs62527115,chr8:129260977,(C/T),0.1699,61411,0.4923,0.1985,"G=C,A=T",4.0,5,
rs13263339,chr8:129256696,(T/A),0.1701,57130,0.4922,0.1981,"G=T,A=A",6.0,6,
rs35220774,chr8:129176955,(-/GT),0.2819,-22611,0.6785,0.1965,"G=-,A=GT",,.,
rs11777498,chr8:129276706,(G/A),0.1571,77140,0.467,0.1961,"G=G,A=A",5.0,5,
rs7835350,chr8:129262075,(T/G),0.1685,62509,0.4865,0.1957,"G=T,A=G",5.0,4,
rs77357144,chr8:129274901,(T/-),0.1589,75335,0.4675,0.1939,"G=T,A=-",,.,
rs10956417,chr8:129275838,(G/A),0.1589,76272,0.4675,0.1939,"G=G,A=A",4.0,3a,
rs17205367,chr8:129263221,(T/C),0.1681,63655,0.4834,0.1938,"G=T,A=C",7.0,3a,
rs11785587,chr8:129265325,(G/A),0.1593,65759,0.4656,0.1917,"G=G,A=A",5.0,5,
rs2178885,chr8:129266948,(G/A),0.1593,67382,0.4656,0.1917,"G=G,A=A",4.0,5,
rs9792159,chr8:129268583,(A/G),0.1599,69017,0.4652,0.1906,"G=A,A=G",2.0,5,
rs10808568,chr8:129264060,(A/C),0.1595,64494,0.4638,0.19,"G=A,A=C",8.0,2b,
rs9792269,chr8:129264589,(A/G),0.1589,65023,0.4626,0.1898,"G=A,A=G",5.0,5,
rs11774172,chr8:129225502,(A/G),0.2496,25936,0.6089,0.1869,"G=A,A=G",4.0,4,
rs13260723,chr8:129256600,(A/G),0.1843,57034,0.4885,0.177,"G=A,A=G",5.0,7,
rs7832803,chr8:129161640,(T/C),0.4852,-37926,0.9676,0.1665,"G=T,A=C",7.0,5,
rs35969618,chr8:129255624,(-/T),0.1563,56058,0.4263,0.1644,"G=-,A=T",,.,
rs16902734,chr8:129225868,(C/T),0.2376,26302,0.5457,0.1602,"G=C,A=T",4.0,4,
rs2608029,chr8:129170126,(C/G),0.4906,-29440,0.9887,0.1578,"G=C,A=G",4.0,5,
rs57349410,chr8:129128375,(C/-),0.1362,-71191,0.4076,0.1563,"G=C,A=-",,.,
rs16902654,chr8:129126887,(A/G),0.1292,-72679,0.4189,0.1553,"G=A,A=G",5.0,3a,
rs16902657,chr8:129142456,(C/T),0.0409,-57110,0.7779,0.1541,"G=C,A=T",5.0,2b,
rs2648846,chr8:129179990,(A/G),0.4732,-19576,0.9677,0.141,"G=G,A=A",7.0,2b,
rs2648829,chr8:129147911,(T/C),0.3814,-51655,0.7167,0.1397,"G=T,A=C",5.0,4,
rs4733847,chr8:129210216,(C/T),0.4595,10650,0.9849,0.1382,"G=C,A=T",4.0,3a,
rs2392891,chr8:129213777,(C/T),0.4595,14211,0.9849,0.1382,"G=C,A=T",4.0,5,
rs17793224,chr8:129209529,(G/A),0.4585,9963,0.9848,0.1377,"G=G,A=A",7.0,4,
rs1861845,chr8:129208769,(G/T),0.4583,9203,0.9848,0.1375,"G=G,A=T",4.0,5,
rs7821424,chr8:129215652,(G/A),0.4597,16086,0.9818,0.1375,"G=G,A=A",5.0,5,
rs7824798,chr8:129215809,(C/T),0.4597,16243,0.9818,0.1375,"G=C,A=T",4.0,5,
rs7825166,chr8:129215846,(G/T),0.4597,16280,0.9818,0.1375,"G=G,A=T",4.0,5,
rs2392893,chr8:129216627,(G/T),0.4597,17061,0.9818,0.1375,"G=G,A=T",5.0,7,
rs10104128,chr8:129217143,(C/A),0.4597,17577,0.9818,0.1375,"G=C,A=A",5.0,5,
rs201424605,chr8:129217190,(C/-),0.4597,17624,0.9818,0.1375,"G=C,A=-",,.,
rs34488832,chr8:129217191,(C/T),0.4597,17625,0.9818,0.1375,"G=C,A=T",,4,
rs2392892,chr8:129216563,(A/G),0.4591,16997,0.9818,0.1371,"G=A,A=G",4.0,5,
rs1861843,chr8:129208670,(A/G),0.4569,9104,0.9848,0.1368,"G=A,A=G",4.0,5,
rs7825805,chr8:129216273,(G/A),0.4599,16707,0.9788,0.1367,"G=G,A=A",4.0,3a,
rs4123791,chr8:129219237,(C/A),0.4599,19671,0.9788,0.1367,"G=C,A=A",4.0,5,
rs1861844,chr8:129208678,(C/T),0.4567,9112,0.9848,0.1366,"G=C,A=T",4.0,5,
rs2111567,chr8:129157016,(A/G),0.4692,-42550,0.9585,0.1362,"G=A,A=G",3.0,4,
rs72722740,chr8:129140798,(A/C),0.1536,-58768,0.3838,0.1361,"G=A,A=C",4.0,3b,
rs12544603,chr8:129138705,(T/C),0.1538,-60861,0.3837,0.1358,"G=T,A=C",6.0,5,
rs4733838,chr8:129155329,(G/A),0.4784,-44237,0.939,0.1356,"G=G,A=A",5.0,5,
rs2648844,chr8:129178530,(T/C),0.4623,-21036,0.9699,0.1356,"G=C,A=T",2.0,5,
rs2720697,chr8:129173118,(C/G),0.4623,-26448,0.9699,0.1356,"G=G,A=C",5.0,4,
rs11409208,chr8:129176340,(-/A),0.4621,-23226,0.9699,0.1355,"G=A,A=-",,.,
rs1902784,chr8:129214879,(T/A),0.4517,15313,0.9815,0.133,"G=T,A=A",4.0,5,
rs7825258,chr8:129216174,(A/C),0.4517,16608,0.9815,0.133,"G=A,A=C",4.0,5,
rs1902785,chr8:129217440,(A/C),0.4517,17874,0.9815,0.133,"G=A,A=C",4.0,4,
rs55837367,chr8:129138369,(G/A),0.1657,-61197,0.3965,0.1327,"G=G,A=A",,6,
rs2608025,chr8:129173122,(A/G),0.4547,-26444,0.9694,0.1313,"G=G,A=A",4.0,4,
rs12550632,chr8:129212328,(G/A),0.4467,12762,0.9844,0.1312,"G=G,A=A",4.0,5,
rs61512223,chr8:129208025,(C/T),0.4463,8459,0.9844,0.1309,"G=C,A=T",5.0,3a,
rs2893651,chr8:129209014,(T/C),0.4461,9448,0.9844,0.1308,"G=T,A=C",4.0,4,
rs4733848,chr8:129216764,(G/C),0.4475,17198,0.9814,0.1308,"G=G,A=C",5.0,4,
rs1861842,chr8:129208660,(T/G),0.4447,9094,0.9844,0.1301,"G=T,A=G",5.0,5,
rs9656819,chr8:129207889,(C/T),0.4441,8323,0.9843,0.1298,"G=C,A=T",4.0,5,
rs34873504,chr8:129219442,(C/A),0.4479,19876,0.9752,0.1293,"G=C,A=A",4.0,4,
rs7008889,chr8:129135928,(G/A),0.1558,-63638,0.3756,0.1282,"G=G,A=A",5.0,4,
rs16902652,chr8:129126637,(G/A),0.1456,-72929,0.3603,0.1277,"G=G,A=A",5.0,4,
rs2909242,chr8:129224680,(C/A),0.4874,25114,0.8916,0.1267,"G=A,A=C",8.0,5,
rs2648832,chr8:129150668,(A/C),0.4022,-48898,0.7115,0.1262,"G=A,A=C",6.0,3a,
rs549255309,chr8:129169008,(C/T),0.0246,-30558,0.9146,0.1256,"G=C,A=T",1.0,5,
rs6986168,chr8:129135435,(T/C),0.1563,-64131,0.3719,0.1251,"G=T,A=C",5.0,4,
rs1016579,chr8:129199961,(G/A),0.0204,395,1.0,0.124,"G=G,A=A",4.0,5,
rs6470611,chr8:129217984,(G/C),0.4263,18418,0.9772,0.119,"G=G,A=C",7.0,4,
rs7003934,chr8:129135311,(C/A),0.1627,-64255,0.3671,0.1162,"G=C,A=A",6.0,3a,
rs17383026,chr8:129224599,(A/T),0.47,25033,0.8698,0.1125,"G=A,A=T",4.0,7,
rs7007953,chr8:129206486,(A/C),0.4391,6920,0.9176,0.1105,"G=A,A=C",6.0,5,
rs759649,chr8:129159244,(G/A),0.4213,-40322,0.9406,0.108,"G=G,A=A",8.0,5,
rs36096620,chr8:129180200,(C/-),0.392,-19366,0.9858,0.105,"G=C,A=-",,.,
rs7838115,chr8:129220721,(T/G),0.3904,21155,0.9751,0.1021,"G=T,A=G",4.0,6,
rs140693700,chr8:129207927,(AAAT/-),0.4193,8361,0.9138,0.1011,"G=AAAT,A=-",,.,
rs34982323,chr8:129135015,(T/-),0.1897,-64551,0.3615,0.0936,,,.,
rs75077426,chr8:129189958,(A/G),0.0154,-9608,1.0,0.0932,,7.0,4,
rs34775686,chr8:129143778,(T/-),0.4683,-55788,0.6914,0.091,,,.,
rs12678162,chr8:129224694,(C/T),0.387,25128,0.8958,0.0849,,5.0,5,
rs12679783,chr8:129169302,(A/G),0.0156,-30264,0.9401,0.0834,,6.0,.,
rs1468937,chr8:129243066,(T/C),0.3091,43500,0.4645,0.0809,,4.0,4,
rs7833635,chr8:129244086,(T/C),0.3093,44520,0.4644,0.0807,,4.0,5,
rs4733850,chr8:129264260,(A/G),0.3464,64694,0.4978,0.0784,,6.0,4,
rs7826937,chr8:129264171,(C/T),0.3628,64605,0.487,0.0698,,8.0,4,
rs117162031,chr8:129213206,(G/T),0.012,13640,0.9805,0.0695,,6.0,3a,
rs17467511,chr8:129215898,(C/T),0.012,16332,0.9805,0.0695,,5.0,5,
rs13249280,chr8:129167140,(C/T),0.2871,-32426,0.9758,0.0643,,4.0,4,
rs4733839,chr8:129170596,(A/G),0.2746,-28970,0.9797,0.0609,,5.0,6,
rs35924682,chr8:129170431,(G/A),0.2744,-29135,0.9797,0.0608,,3.0,5,
rs4733851,chr8:129264420,(A/G),0.4231,64854,0.7009,0.0604,,4.0,5,
rs34769615,chr8:129166765,(T/-),0.2768,-32801,0.9598,0.0591,,,.,
rs4733846,chr8:129209258,(C/A),0.2648,9692,0.9842,0.0585,,4.0,4,
rs7826413,chr8:129186636,(G/A),0.2522,-12930,1.0,0.0565,,7.0,4,
rs6470607,chr8:129186069,(A/G),0.2522,-13497,1.0,0.0565,,6.0,4,
rs6470606,chr8:129185996,(C/G),0.2522,-13570,1.0,0.0565,,8.0,3a,
rs6989829,chr8:129185399,(C/T),0.2522,-14167,1.0,0.0565,,4.0,5,
rs111489671,chr8:129188739,(-/A),0.4367,-10827,0.5111,0.0565,,,.,
rs7826019,chr8:129186548,(A/T),0.252,-13018,1.0,0.0565,,8.0,2a,
rs6987197,chr8:129187748,(T/C),0.2528,-11818,0.9945,0.0561,,4.0,4,
rs6470605,chr8:129185951,(T/G),0.2526,-13615,0.9945,0.056,,7.0,2b,
rs4733845,chr8:129188457,(A/G),0.2524,-11109,0.9945,0.056,,6.0,4,
rs4733844,chr8:129188425,(G/A),0.2524,-11141,0.9945,0.056,,7.0,4,
rs6987519,chr8:129187970,(T/C),0.2524,-11596,0.9945,0.056,,6.0,2b,
rs34409623,chr8:129202576,(G/T),0.252,3010,0.989,0.0552,,6.0,2b,
rs5894918,chr8:129223271,(-/C),0.2554,23705,0.9782,0.055,,,.,
rs71568676,chr8:129204043,(-/T),0.271,4477,0.9384,0.0549,,,.,
rs5894915,chr8:129191919,(A/-),0.2562,-7647,0.9729,0.0546,,,.,
rs56223651,chr8:129198786,(-/A),0.2498,-780,0.9889,0.0546,,,.,
rs16902685,chr8:129183084,(G/A),0.2496,-16482,0.9889,0.0545,,4.0,4,
rs7016362,chr8:129182844,(C/T),0.2496,-16722,0.9889,0.0545,,5.0,4,
rs6470604,chr8:129183642,(G/T),0.2492,-15924,0.9888,0.0544,,4.0,5,
rs11997042,chr8:129193615,(A/C),0.2444,-5951,1.0,0.0542,,5.0,5,
rs34364082,chr8:129194478,(T/A),0.2442,-5088,1.0,0.0542,,5.0,5,
rs2019960,chr8:129192271,(T/C),0.2442,-7295,1.0,0.0542,,5.0,7,
rs1995218,chr8:129180707,(T/C),0.25,-18859,0.9833,0.054,,7.0,2b,
rs4733598,chr8:129181647,(A/G),0.2498,-17919,0.9833,0.054,,4.0,5,
rs34746976,chr8:129180330,(A/G),0.2496,-19236,0.9833,0.0539,,6.0,4,
rs36099148,chr8:129180309,(C/T),0.2496,-19257,0.9833,0.0539,,8.0,2b,
rs4733843,chr8:129175460,(A/T),0.2468,-24106,0.9775,0.0525,,4.0,5,
rs56321877,chr8:129138367,(G/A),0.2648,-61199,0.3341,0.052,,,6,
rs13280095,chr8:129179090,(A/C),0.2438,-20476,0.9772,0.0516,,5.0,5,
rs113636706,chr8:129262797,(A/G),0.0116,63231,0.8591,0.0516,,5.0,4,
rs34820057,chr8:129174624,(A/G),0.2436,-24942,0.9772,0.0516,,3.0,6,
rs13266804,chr8:129174464,(A/G),0.2436,-25102,0.9772,0.0516,,4.0,5,
rs4733842,chr8:129174284,(T/C),0.2436,-25282,0.9772,0.0516,,4.0,7,
rs55886082,chr8:129173761,(C/T),0.2436,-25805,0.9772,0.0516,,5.0,4,
rs13280365,chr8:129179096,(C/A),0.2432,-20470,0.9771,0.0514,,5.0,5,
rs7836518,chr8:129178331,(A/G),0.2432,-21235,0.9771,0.0514,,4.0,5,
rs7819665,chr8:129177769,(T/C),0.2432,-21797,0.9771,0.0514,,2.0,5,
rs7017155,chr8:129176659,(T/C),0.2432,-22907,0.9771,0.0514,,4.0,4,
rs13255672,chr8:129171082,(T/G),0.243,-28484,0.9771,0.0514,,6.0,3a,
rs13276381,chr8:129175045,(G/A),0.2438,-24521,0.9715,0.051,,6.0,4,
rs35451470,chr8:129174546,(A/C),0.2438,-25020,0.9715,0.051,,3.0,5,
rs4733840,chr8:129170776,(G/T),0.241,-28790,0.9769,0.0508,,5.0,4,
rs13279159,chr8:129163047,(A/G),0.241,-36519,0.9769,0.0508,,4.0,4,
rs200179268,chr8:129191563,(TTTTTTTT/-),0.3321,-8003,0.778,0.0504,,,.,
rs1030106,chr8:129191861,(T/G),0.23,-7705,1.0,0.0501,,7.0,4,
rs117254875,chr8:129163377,(G/A),0.0082,-36189,1.0,0.0492,,4.0,4,
rs1967314,chr8:129224053,(G/T),0.2388,24487,0.9592,0.0484,,4.0,5,
rs3041952,chr8:129248930,(-/AA),0.3984,49364,0.4359,0.0481,,,.,
rs4733596,chr8:129141856,(C/T),0.2714,-57710,0.3262,0.0479,,6.0,3a,
rs36111777,chr8:129172561,(T/C),0.2304,-27005,0.9759,0.0478,,5.0,7,
rs7826401,chr8:129176011,(C/T),0.2302,-23555,0.9758,0.0477,,6.0,3a,
rs17793170,chr8:129205679,(G/A),0.2252,6113,0.9877,0.0475,,7.0,5,
rs11984502,chr8:129166933,(C/T),0.229,-32633,0.9757,0.0474,,3.0,5,
rs1473181,chr8:129224014,(T/C),0.2338,24448,0.9584,0.047,,6.0,5,
rs879504,chr8:129166729,(T/C),0.0078,-32837,1.0,0.0468,,4.0,.,
rs1827135,chr8:129158236,(A/G),0.2414,-41330,0.9366,0.0468,,4.0,4,
rs2909235,chr8:129185918,(T/G),0.2179,-13648,1.0,0.0467,,9.0,5,
rs59602790,chr8:129198290,(C/T),0.2218,-1276,0.9875,0.0466,,6.0,2a,
rs6996790,chr8:129204191,(C/T),0.2218,4625,0.9875,0.0466,,6.0,7,
rs2160765,chr8:129195261,(T/A),0.2157,-4305,1.0,0.0461,,7.0,3a,
rs2720681,chr8:129150989,(C/A),0.2386,-48577,0.9359,0.046,,6.0,4,
rs10087529,chr8:129195573,(G/A),0.2145,-3993,1.0,0.0458,,9.0,4,
rs2608027,chr8:129172462,(T/G),0.2141,-27104,1.0,0.0457,,5.0,5,
rs2608026,chr8:129172480,(A/T),0.2139,-27086,1.0,0.0456,,6.0,5,
rs5894913,chr8:129180955,(-/C),0.2149,-18611,0.9935,0.0453,,,.,
rs2648848,chr8:129180197,(A/G),0.2232,-19369,0.9688,0.0452,,8.0,3a,
rs7829149,chr8:129229645,(A/G),0.4071,30079,0.4299,0.0451,,5.0,5,
rs12156002,chr8:129190544,(C/A),0.2101,-9022,1.0,0.0446,,5.0,5,
rs16902700,chr8:129198885,(G/A),0.2099,-681,1.0,0.0445,,4.0,5,
rs16902691,chr8:129190321,(G/C),0.2099,-9245,1.0,0.0445,,6.0,4,
rs2542402,chr8:129179799,(A/G),0.2097,-19767,1.0,0.0445,,9.0,2a,
rs7825733,chr8:129186425,(A/G),0.2091,-13141,1.0,0.0443,,6.0,5,
rs2250909,chr8:129166880,(T/C),0.2075,-32686,1.0,0.0439,,5.0,5,
rs2392922,chr8:129166840,(A/G),0.2075,-32726,1.0,0.0439,,5.0,5,
rs759646,chr8:129165269,(G/A),0.2073,-34297,1.0,0.0438,,8.0,4,
rs2720696,chr8:129171907,(A/G),0.2192,-27659,0.9619,0.0436,,4.0,5,
rs2720694,chr8:129171659,(A/G),0.2192,-27907,0.9619,0.0436,,3.0,5,
rs918180,chr8:129175860,(C/T),0.219,-23706,0.9619,0.0435,,6.0,5,
rs67050034,chr8:129173937,(G/-),0.2057,-25629,1.0,0.0434,,,.,
rs2542399,chr8:129175012,(C/G),0.2185,-24554,0.9618,0.0433,,5.0,4,
rs2648833,chr8:129174099,(C/T),0.2185,-25467,0.9618,0.0433,,5.0,5,
rs10094063,chr8:129202426,(C/T),0.2073,2860,0.9933,0.0432,,7.0,5,
rs2925874,chr8:129188725,(A/C),0.2049,-10841,1.0,0.0432,,9.0,2b,
rs2936594,chr8:129185472,(C/A),0.2047,-14094,1.0,0.0431,,7.0,7,
rs2925872,chr8:129191121,(C/G),0.2041,-8445,1.0,0.043,,6.0,4,
rs2542400,chr8:129176958,(A/G),0.2039,-22608,1.0,0.0429,,1.0,2b,
rs2909236,chr8:129186365,(T/G),0.2037,-13201,1.0,0.0429,,8.0,5,
rs12544747,chr8:129223073,(C/T),0.0076,23507,0.9693,0.0428,,6.0,.,
rs2648840,chr8:129163424,(C/T),0.2077,-36142,0.9866,0.0428,,7.0,2b,
rs10087518,chr8:129195543,(G/A),0.2029,-4023,1.0,0.0427,,10.0,2b,
rs11989574,chr8:129177770,(G/A),0.2081,-21796,0.9733,0.0417,,2.0,5,
rs2909248,chr8:129245849,(A/G),0.3686,46283,0.6529,0.0417,,2.0,4,
rs35651970,chr8:129189587,(A/-),0.2059,-9979,0.9797,0.0417,,,.,
rs7830477,chr8:129179788,(G/A),0.2079,-19778,0.9732,0.0417,,6.0,4,
rs759650,chr8:129159249,(T/C),0.2053,-40317,0.9797,0.0416,,8.0,5,
rs2909247,chr8:129245750,(A/G),0.368,46184,0.6523,0.0415,,4.0,5,
rs2058885,chr8:129160655,(T/A),0.2047,-38911,0.9796,0.0414,,7.0,5,
rs2254778,chr8:129157468,(T/C),0.2037,-42098,0.9795,0.0411,,8.0,2a,
rs2542419,chr8:129153280,(G/T),0.2206,-46286,0.9307,0.0411,,4.0,5,
rs2720690,chr8:129157361,(G/T),0.2035,-42205,0.9795,0.0411,,8.0,2b,
rs2925882,chr8:129244256,(A/T),0.366,44690,0.6504,0.0409,,4.0,4,
rs1967316,chr8:129224244,(T/C),0.2071,24678,0.9664,0.0409,,4.0,5,
rs79777831,chr8:129245530,(G/A),0.0068,45964,1.0,0.0408,,4.0,5,
rs7465157,chr8:129255406,(G/A),0.0228,55840,0.5391,0.0404,,5.0,5,
rs9297772,chr8:129195462,(T/C),0.1977,-4104,0.9859,0.0402,,7.0,2b,
rs28611168,chr8:129219017,(G/T),0.2015,19451,0.9724,0.04,,8.0,2b,
rs2925884,chr8:129193075,(C/T),0.1965,-6491,0.9858,0.0398,,4.0,5,
rs2925873,chr8:129190425,(C/T),0.1965,-9141,0.9858,0.0398,,5.0,5,
rs2909240,chr8:129192413,(A/G),0.1963,-7153,0.9858,0.0398,,5.0,5,
rs2909238,chr8:129191401,(G/A),0.1963,-8165,0.9858,0.0398,,6.0,3a,
rs2909237,chr8:129190959,(C/T),0.1963,-8607,0.9858,0.0398,,5.0,5,
rs1030103,chr8:129127336,(A/C),0.3712,-72230,0.374,0.0397,,4.0,3a,
rs1902780,chr8:129211788,(T/C),0.1973,12222,0.9789,0.0395,,5.0,4,
rs528044547,chr8:129130733,(A/G),0.3806,-68833,0.3803,0.0395,,1.0,6,
rs72722769,chr8:129206652,(A/G),0.1937,7086,0.9856,0.0391,,6.0,3a,
rs17793261,chr8:129210618,(G/T),0.1937,11052,0.9856,0.0391,,6.0,4,
rs17204253,chr8:129212168,(A/G),0.1937,12602,0.9856,0.0391,,8.0,4,
rs1902781,chr8:129214012,(G/T),0.1937,14446,0.9856,0.0391,,8.0,2b,
rs2936595,chr8:129187739,(C/T),0.1967,-11827,0.9717,0.0388,,5.0,3a,
rs33922076,chr8:129198839,(G/-),0.1851,-727,1.0,0.0381,,,.,
rs1016577,chr8:129199455,(C/A),0.1849,-111,1.0,0.038,,4.0,4,
rs28477471,chr8:129199228,(G/C),0.1849,-338,1.0,0.038,,3.0,5,
rs1902779,chr8:129198030,(A/G),0.1849,-1536,1.0,0.038,,4.0,4,
rs7007989,chr8:129197313,(T/C),0.1849,-2253,1.0,0.038,,7.0,3a,
rs2142199,chr8:129266826,(T/C),0.2823,67260,0.7586,0.038,,4.0,2b,
rs11995263,chr8:129128528,(C/T),0.3974,-71038,0.3861,0.0379,,5.0,4,
rs2909239,chr8:129192349,(G/A),0.1843,-7217,1.0,0.0379,,4.0,5,
rs4288340,chr8:129202654,(C/T),0.1839,3088,1.0,0.0378,,5.0,4,
rs56202199,chr8:129207906,(G/A),0.2316,8340,0.8619,0.0375,,5.0,5,
rs2648849,chr8:129182651,(G/A),0.1915,-16915,0.9709,0.0374,,5.0,5,
rs1120501,chr8:129274183,(A/T),0.2821,74617,0.7535,0.0374,,3.0,5,
rs6995020,chr8:129207225,(T/G),0.231,7659,0.8615,0.0374,,4.0,5,
rs11995854,chr8:129220073,(T/G),0.231,20507,0.8615,0.0374,,4.0,5,
rs34514696,chr8:129118394,(-/T),0.2342,-81172,0.2608,0.0373,,,.,
rs11381299,chr8:129221777,(-/T),0.2302,22211,0.8611,0.0372,,,.,
rs117753718,chr8:129197301,(G/T),0.0062,-2265,1.0,0.0372,,8.0,.,
rs7010390,chr8:129218859,(C/T),0.2316,19293,0.8559,0.037,,6.0,3a,
rs2936596,chr8:129188796,(T/A),0.1851,-10770,0.985,0.0369,,8.0,4,
rs6470610,chr8:129217738,(C/T),0.2312,18172,0.8556,0.0369,,6.0,4,
rs11984659,chr8:129128194,(T/C),0.399,-71372,0.3822,0.0369,,5.0,4,
rs200661484,chr8:129156690,(-/CATT),0.2045,-42876,0.9252,0.0369,,,.,
rs2648847,chr8:129180042,(G/A),0.1911,-19524,0.9636,0.0368,,7.0,4,
rs2648842,chr8:129160500,(G/A),0.1997,-39066,0.9373,0.0367,,4.0,7,
rs6992536,chr8:129153893,(T/C),0.2039,-45673,0.925,0.0367,,4.0,5,
rs2608038,chr8:129153232,(T/C),0.2039,-46334,0.925,0.0367,,5.0,5,
rs7018088,chr8:129221767,(T/C),0.1863,22201,0.9776,0.0367,,3.0,5,
rs2648850,chr8:129184165,(G/A),0.1883,-15401,0.9705,0.0366,,6.0,4,
rs2909245,chr8:129229307,(T/C),0.3329,29741,0.6616,0.0366,,4.0,6,
rs7846201,chr8:129260982,(A/C),0.4625,61416,0.4334,0.0366,,4.0,5,
rs2909244,chr8:129229061,(G/A),0.3323,29495,0.6609,0.0364,,5.0,3a,
rs77644617,chr8:129126451,(C/T),0.0074,-73115,0.9053,0.0364,,5.0,4,
rs12155935,chr8:129210377,(T/C),0.1847,10811,0.9774,0.0363,,4.0,4,
rs2058886,chr8:129206259,(A/G),0.1845,6693,0.9774,0.0362,,5.0,4,
rs7824660,chr8:129215804,(A/C),0.1845,16238,0.9774,0.0362,,4.0,5,
rs1902786,chr8:129217810,(A/G),0.1845,18244,0.9774,0.0362,,6.0,6,
rs2648838,chr8:129166547,(C/T),0.1931,-33019,0.9496,0.0362,,5.0,4,
rs79662545,chr8:129212944,(A/G),0.006,13378,1.0,0.0359,,4.0,.,
rs2648834,chr8:129171496,(G/A),0.1759,-28070,1.0,0.0358,,7.0,4,
rs2977035,chr8:129249256,(A/G),0.3686,49690,0.6038,0.0357,,6.0,3a,
rs117501795,chr8:129216220,(G/A),0.0072,16654,0.9027,0.0352,,4.0,.,
rs1039271,chr8:129127622,(C/T),0.3952,-71944,0.3699,0.0351,,4.0,5,
rs2648845,chr8:129178628,(T/G),0.1861,-20938,0.9552,0.035,,4.0,3a,
rs2720699,chr8:129177351,(G/A),0.1861,-22215,0.9552,0.035,,4.0,5,
rs62527078,chr8:129210326,(T/C),0.2173,10760,0.8656,0.0349,,4.0,4,
rs56108226,chr8:129224435,(T/C),0.1985,24869,0.9159,0.0348,,7.0,5,
rs7820652,chr8:129215374,(A/T),0.2171,15808,0.8654,0.0348,,4.0,3a,
rs11446900,chr8:129276925,(-/T),0.2841,77359,0.721,0.0346,,,.,
rs4733601,chr8:129269466,(A/G),0.2688,69900,0.7464,0.0343,,5.0,2b,
rs2392896,chr8:129229456,(T/G),0.4928,29890,0.4461,0.0343,,4.0,7,
rs2648839,chr8:129166270,(A/G),0.1847,-33296,0.9473,0.0341,,6.0,4,
rs2648837,chr8:129167374,(G/C),0.1845,-32192,0.9472,0.034,,4.0,5,
rs12707927,chr8:129205024,(T/C),0.1733,5458,0.984,0.034,,5.0,5,
rs2720691,chr8:129163348,(A/T),0.1843,-36218,0.9472,0.034,,4.0,4,
rs62527077,chr8:129208963,(T/C),0.1723,9397,0.9839,0.0338,,6.0,3a,
rs6470612,chr8:129218047,(A/G),0.1727,18481,0.9758,0.0333,,8.0,4,
rs147939459,chr8:129155210,(T/C),0.0064,-44356,0.927,0.033,,5.0,.,
rs1468936,chr8:129237164,(G/A),0.4968,37598,0.4389,0.0327,,6.0,3a,
rs57782054,chr8:129171843,(AA/-),0.2672,-27723,0.7241,0.032,,,.,
rs7830873,chr8:129261399,(T/A),0.4746,61833,0.4149,0.0319,,4.0,5,
rs4633023,chr8:129257965,(A/G),0.3736,58399,0.5644,0.0319,,4.0,6,
rs11774387,chr8:129250414,(A/G),0.3458,50848,0.5979,0.0317,,4.0,5,
rs2608028,chr8:129170208,(C/T),0.1675,-29358,0.9668,0.0315,,6.0,5,
rs10453,chr8:129113373,(C/T),0.2929,-86193,0.2781,0.0313,,8.0,5,
rs2608039,chr8:129151648,(T/C),0.1737,-47918,0.936,0.0309,,6.0,3a,
rs2720692,chr8:129165603,(G/A),0.1663,-33963,0.9582,0.0307,,8.0,2a,
rs2648835,chr8:129167808,(C/G),0.1657,-31758,0.958,0.0306,,6.0,3a,
rs35562823,chr8:129189138,(-/T),0.2065,-10428,0.8181,0.0292,,,.,
rs2720680,chr8:129115217,(A/G),0.3401,-84349,0.294,0.0281,,8.0,5,
rs6470562,chr8:128706854,(G/A),0.1552,-492712,0.9462,0.0276,,4.0,4,
rs722644,chr8:129157905,(G/A),0.3311,-41661,0.5757,0.0275,,5.0,5,
rs59064631,chr8:128303546,(A/G),0.1827,-896020,0.8554,0.0274,,5.0,3a,
rs759648,chr8:129158945,(A/C),0.3307,-40621,0.5752,0.0274,,4.0,5,
rs2648830,chr8:129150396,(C/T),0.1595,-49170,0.9215,0.027,,4.0,4,
rs13261892,chr8:129293047,(A/C),0.2163,93481,0.762,0.0269,,7.0,5,
rs182886901,chr8:129131544,(C/T),0.0058,-68022,0.8792,0.0269,,2.0,.,
rs7828926,chr8:129252339,(A/T),0.4575,52773,0.4345,0.0267,,5.0,5,
rs2648831,chr8:129150636,(A/G),0.1573,-48930,0.9204,0.0265,,5.0,4,
rs56343847,chr8:129290569,(C/G),0.1745,91003,0.1828,0.0265,,4.0,5,
rs10100445,chr8:128303850,(T/C),0.1777,-895716,0.8513,0.0263,,6.0,6,
rs2909246,chr8:129230194,(C/T),0.272,30628,0.6471,0.0262,,7.0,4,
rs55792885,chr8:129165079,(G/A),0.259,-34487,0.667,0.0261,,7.0,4,
rs28522403,chr8:128299799,(G/C),0.1725,-899767,0.863,0.026,,6.0,3a,
rs28419295,chr8:128299658,(C/A),0.1725,-899908,0.863,0.026,,5.0,4,
rs2648843,chr8:129156334,(A/G),0.1502,-43232,0.9352,0.0259,,3.0,2b,
rs2608040,chr8:129150936,(G/T),0.1538,-48630,0.9186,0.0257,,5.0,3a,
rs13259851,chr8:129168327,(C/A),0.1376,-31239,0.9798,0.0257,,2.0,5,
rs71520693,chr8:129169019,(C/T),0.1374,-30547,0.9798,0.0256,,,5,
rs60999746,chr8:129150509,(-/AA),0.1522,-49057,0.9177,0.0253,,,.,
rs2608041,chr8:129149171,(G/A),0.1542,-50395,0.9098,0.0253,,6.0,5,
rs56162114,chr8:129225776,(G/A),0.1953,26210,0.7863,0.0252,,6.0,4,
rs4733599,chr8:129258525,(A/G),0.3423,58959,0.5367,0.0251,,4.0,5,
rs11419764,chr8:129160269,(-/C),0.3271,-39297,0.5535,0.025,,,.,
rs374128274,chr8:129204350,(C/T),0.005,4784,0.9066,0.0246,,1.0,.,
rs34442364,chr8:129226257,(-/T),0.227,26691,0.6998,0.0241,,,.,
rs28567380,chr8:128916218,(A/G),0.142,-283348,0.9314,0.0241,,4.0,7,
rs28556849,chr8:128916147,(C/T),0.1418,-283419,0.9313,0.024,,5.0,4,
rs7843833,chr8:128915498,(T/G),0.1418,-284068,0.9313,0.024,,4.0,7,
rs7839160,chr8:128293087,(G/A),0.1635,-906479,0.8554,0.024,,5.0,3a,
rs117412945,chr8:129202630,(G/A),0.004,3064,1.0,0.0239,,6.0,.,
rs146971632,chr8:129164251,(T/C),0.004,-35315,1.0,0.0239,,4.0,.,
rs74305930,chr8:129193284,(G/T),0.1296,-6282,0.9785,0.0239,,4.0,6,
rs7840374,chr8:128911357,(C/T),0.141,-288209,0.9309,0.0238,,8.0,2b,
rs28562855,chr8:128914371,(A/G),0.1404,-285195,0.9306,0.0237,,5.0,3a,
rs6470528,chr8:128528367,(C/A),0.2133,-671199,0.7196,0.0235,,5.0,7,
rs16902733,chr8:129225730,(T/C),0.1857,26164,0.7828,0.0234,,4.0,3a,
rs16902737,chr8:129227782,(C/T),0.1831,28216,0.7873,0.0233,,2.0,5,
rs28542107,chr8:129226345,(T/C),0.1845,26779,0.7814,0.0232,,3.0,3b,
rs6987340,chr8:129227128,(C/T),0.1817,27562,0.7857,0.023,,4.0,4,
rs28556669,chr8:129228332,(G/C),0.1817,28766,0.7857,0.023,,6.0,2a,
rs6987273,chr8:129226886,(G/A),0.1815,27320,0.7854,0.0229,,4.0,5,
rs7007221,chr8:129226917,(T/C),0.1815,27351,0.7854,0.0229,,4.0,5,
rs6987202,chr8:129227112,(A/G),0.1815,27546,0.7854,0.0229,,4.0,4,
rs28479370,chr8:129227340,(T/A),0.1815,27774,0.7854,0.0229,,5.0,5,
rs28372450,chr8:129227363,(A/G),0.1815,27797,0.7854,0.0229,,4.0,5,
rs16902736,chr8:129227669,(A/G),0.1815,28103,0.7854,0.0229,,5.0,5,
rs55910406,chr8:129227920,(G/T),0.1815,28354,0.7854,0.0229,,2.0,5,
rs16902738,chr8:129228137,(C/G),0.1815,28571,0.7854,0.0229,,4.0,5,
rs201558409,chr8:129149639,(T/C),0.4149,-49927,0.3106,0.0228,,,6,
rs59023044,chr8:129149634,(T/-),0.4149,-49932,0.3106,0.0228,,,.,
rs59292943,chr8:129228732,(C/T),0.1809,29166,0.7847,0.0228,,6.0,5,
rs78488396,chr8:129176527,(A/C),0.0038,-23039,1.0,0.0227,,5.0,.,
rs16893188,chr8:129170108,(C/T),0.1264,-29458,0.967,0.0227,,6.0,5,
rs10092555,chr8:129221532,(G/A),0.1282,21966,0.9566,0.0226,,5.0,5,
rs7827630,chr8:129116478,(G/C),0.4317,-83088,0.3172,0.0222,,8.0,3a,
rs1468934,chr8:129236964,(G/A),0.4559,37398,0.3929,0.0217,,5.0,3a,
rs7837911,chr8:128217812,(A/G),0.1506,-981754,0.8522,0.0216,,7.0,3a,
rs16902724,chr8:129212841,(T/A),0.0036,13275,1.0,0.0215,,5.0,.,
rs80230936,chr8:129185322,(A/G),0.0036,-14244,1.0,0.0215,,4.0,.,
rs1468935,chr8:129237154,(G/A),0.26,37588,0.6041,0.0215,,5.0,4,
rs138829990,chr8:129085947,(C/T),0.0168,-113619,0.4579,0.0213,,8.0,2b,
rs10092526,chr8:129274507,(G/C),0.4449,74941,0.3185,0.0212,,4.0,5,
rs6999307,chr8:128912611,(T/A),0.1266,-286955,0.9341,0.0212,,4.0,2b,
rs17800434,chr8:129280083,(T/A),0.1767,80517,0.1638,0.0209,,8.0,4,
rs62527139,chr8:129279181,(G/A),0.0098,79615,0.5949,0.0209,,4.0,4,
rs6651244,chr8:128217462,(T/G),0.1462,-982104,0.8478,0.0206,,6.0,3a,
rs2516295,chr8:128212523,(G/A),0.3061,-987043,0.5275,0.0206,,7.0,5,
rs2445614,chr8:128212594,(C/T),0.3057,-986972,0.5269,0.0205,,6.0,5,
rs2608037,chr8:129125444,(A/G),0.3185,-74122,0.5109,0.0204,,4.0,5,
rs11389944,chr8:128298983,(-/T),0.1837,-900583,0.735,0.0204,,,.,
rs116885446,chr8:129190365,(A/G),0.0034,-9201,1.0,0.0203,,5.0,.,
rs189141587,chr8:129209684,(G/A),0.0034,10118,1.0,0.0203,,7.0,.,
rs377636562,chr8:129214807,(A/G),0.0034,15241,1.0,0.0203,,1.0,.,
rs11985537,chr8:129168086,(C/T),0.108,-31480,1.0,0.0203,,6.0,5,
rs2466037,chr8:128212084,(C/A),0.3059,-987482,0.5226,0.0202,,7.0,4,
rs7846242,chr8:129268140,(C/T),0.4475,68574,0.3103,0.0199,,5.0,5,
rs202116326,chr8:129159001,(T/C),0.1252,-40565,0.9111,0.0199,,,6,
rs10086049,chr8:128216486,(C/T),0.118,-983080,0.9411,0.0199,,4.0,5,
rs11988519,chr8:129116533,(C/A),0.4547,-83033,0.3139,0.0198,,6.0,3a,
rs2019940,chr8:129126175,(C/T),0.262,-73391,0.5753,0.0197,,6.0,5,
rs2542417,chr8:129124949,(T/C),0.3291,-74617,0.4844,0.0193,,5.0,4,
rs2925879,chr8:129230078,(G/T),0.234,30512,0.6137,0.0193,,4.0,3a,
rs6983872,chr8:128320094,(A/C),0.1176,-879472,0.929,0.0193,,6.0,2b,
rs7017313,chr8:128319611,(A/C),0.1174,-879955,0.9289,0.0192,,7.0,3a,
rs2608035,chr8:129122576,(A/G),0.0272,-76990,0.3389,0.0191,,7.0,4,
rs2977040,chr8:129234901,(A/C),0.2346,35335,0.6088,0.019,,4.0,4,
rs1024885,chr8:129235735,(C/T),0.2346,36169,0.6088,0.019,,4.0,5,
rs1024886,chr8:129235957,(C/G),0.2346,36391,0.6088,0.019,,6.0,4,
rs111277470,chr8:129237447,(-/CATCT),0.2412,37881,0.5964,0.019,,,.,
rs2925878,chr8:129237598,(A/G),0.2408,38032,0.5957,0.0189,,4.0,3a,
rs145581657,chr8:129135122,(A/T),0.0138,-64444,0.4754,0.0188,,4.0,.,
rs7844487,chr8:128918942,(G/A),0.1625,-280624,0.7604,0.0188,,4.0,4,
rs10956409,chr8:129133259,(A/G),0.4726,-66307,0.3169,0.0188,,6.0,3a,
rs113843938,chr8:129157128,(G/T),0.004,-42438,0.8832,0.0187,,5.0,.,
rs959409,chr8:128920127,(A/G),0.1637,-279439,0.7537,0.0186,,6.0,4,
rs55860524,chr8:129241447,(G/-),0.2344,41881,0.6025,0.0186,,,.,
rs2111565,chr8:129229700,(A/G),0.2326,30134,0.6054,0.0186,,5.0,5,
rs2977038,chr8:129238376,(G/T),0.2342,38810,0.6022,0.0186,,5.0,4,
rs1902788,chr8:129239662,(A/G),0.2342,40096,0.6022,0.0186,,5.0,4,
rs10086030,chr8:128216433,(C/A),0.1142,-983133,0.9269,0.0186,,4.0,7,
rs2977039,chr8:129237432,(T/C),0.2338,37866,0.6015,0.0185,,5.0,5,
rs11335128,chr8:129273470,(T/-),0.4565,73904,0.304,0.0184,,,.,
rs6981085,chr8:128995536,(G/A),0.1108,-204030,0.9373,0.0184,,6.0,5,
rs7001051,chr8:128995510,(T/C),0.1108,-204056,0.9373,0.0184,,4.0,5,
rs10099198,chr8:128832814,(A/G),0.1719,-366752,0.725,0.0183,,8.0,4,
rs111902103,chr8:129193548,(-/A),0.497,-6018,0.3312,0.0182,,,.,
rs10505508,chr8:129215924,(C/T),0.102,16358,0.9727,0.018,,5.0,5,
rs186728112,chr8:129215524,(G/C),0.003,15958,1.0,0.0179,,4.0,.,
rs572584823,chr8:129178149,(C/A),0.003,-21417,1.0,0.0179,,1.0,.,
rs533286349,chr8:129139223,(G/C),0.003,-60343,1.0,0.0179,,,.,
rs117902507,chr8:129137783,(A/G),0.003,-61783,1.0,0.0179,,5.0,.,
rs7013527,chr8:128743929,(T/G),0.1098,-455637,0.924,0.0177,,4.0,3a,
rs4463381,chr8:128679252,(C/G),0.3051,-520314,0.4895,0.0176,,5.0,7,
rs138469074,chr8:129245199,(A/G),0.0034,45633,0.9313,0.0176,,5.0,.,
rs62527140,chr8:129280747,(G/A),0.0034,81181,0.9313,0.0176,,4.0,.,
rs7817534,chr8:128837789,(A/G),0.1647,-361777,0.7298,0.0176,,6.0,4,
rs2052747,chr8:128994622,(A/C),0.1116,-204944,0.9128,0.0175,,6.0,5,
rs34404581,chr8:128472271,(G/T),0.1248,-727295,0.8551,0.0175,,4.0,5,
rs76204924,chr8:129161005,(A/T),0.0046,-38561,0.7969,0.0175,,6.0,.,
rs34167917,chr8:129103995,(G/T),0.4938,-95571,0.3269,0.0175,,6.0,5,
rs2648902,chr8:129107045,(A/G),0.3037,-92521,0.213,0.0174,,7.0,4,
rs10111499,chr8:129289723,(C/T),0.1667,90157,0.7164,0.0172,,5.0,4,
rs77164972,chr8:128927634,(A/G),0.1627,-271932,0.7265,0.0172,,5.0,4,
rs117383444,chr8:129295457,(C/T),0.021,95891,0.3661,0.0171,,6.0,4,
rs73363285,chr8:128712972,(G/A),0.1088,-486594,0.9105,0.017,,5.0,4,
rs112625401,chr8:129239325,(A/-),0.1432,39759,0.7766,0.0169,,,.,
rs16902138,chr8:128399697,(C/G),0.1218,-799869,0.8516,0.0169,,6.0,4,
rs11320454,chr8:129109572,(C/-),0.2392,-89994,0.1773,0.0168,,,.,
rs185675892,chr8:129211198,(G/A),0.0028,11632,1.0,0.0167,,5.0,.,
rs140470829,chr8:129257604,(T/C),0.0028,58038,1.0,0.0167,,2.0,.,
rs2466036,chr8:128211494,(A/G),0.2488,-988072,0.5472,0.0166,,6.0,5,
rs7011334,chr8:128677189,(A/G),0.0972,-522377,0.9571,0.0165,,5.0,4,
rs6993431,chr8:128677112,(T/C),0.0972,-522454,0.9571,0.0165,,5.0,3a,
rs16902760,chr8:129265938,(C/T),0.0869,66372,0.1706,0.0165,,4.0,4,
rs7846157,chr8:129268232,(A/G),0.4641,68666,0.2915,0.0165,,5.0,5,
rs189604686,chr8:128215768,(G/T),0.099,-983798,0.9438,0.0164,,0.0,5,
rs16902772,chr8:129276108,(C/A),0.0853,76542,0.1714,0.0163,,4.0,5,
rs7823531,chr8:128832131,(G/A),0.1583,-367435,0.7189,0.0163,,9.0,4,
rs3901778,chr8:129113456,(C/T),0.3301,-86110,0.4438,0.0163,,6.0,6,
rs141941131,chr8:128676611,(T/A),0.0952,-522955,0.9562,0.0161,,5.0,4,
rs7837997,chr8:128305705,(A/G),0.1112,-893861,0.875,0.0161,,6.0,4,
rs34721843,chr8:128619531,(-/ATTTATTTATTTATTTATTT),0.39,-580035,0.3866,0.016,,,.,
rs10092126,chr8:128318100,(A/G),0.0994,-881466,0.9301,0.016,,4.0,4,
rs7007178,chr8:128317650,(G/C),0.0994,-881916,0.9301,0.016,,5.0,4,
rs575023233,chr8:128215805,(G/T),0.0988,-983761,0.9296,0.0159,,,5,
rs965271,chr8:128275692,(G/T),0.3043,-923874,0.4653,0.0159,,2.0,6,
rs36121174,chr8:129170290,(C/T),0.0903,-29276,0.9692,0.0156,,2.0,4,
rs1553152,chr8:129126508,(G/C),0.1737,-73058,0.6637,0.0155,,5.0,4,
rs537907410,chr8:129196480,(C/T),0.0026,-3086,1.0,0.0155,,,.,
rs118077790,chr8:129207462,(G/A),0.0026,7896,1.0,0.0155,,2.0,.,
rs72720880,chr8:129037624,(G/A),0.1342,-161942,0.772,0.0155,,6.0,2a,
rs7838230,chr8:128923160,(A/T),0.1747,-276406,0.6577,0.0154,,,4,
rs16902764,chr8:129269359,(C/G),0.0891,69793,0.1622,0.0153,,4.0,5,
rs35232948,chr8:128211677,(AAAC/-),0.0889,-987889,0.9687,0.0153,,,.,
rs34528462,chr8:129165713,(T/-),0.4806,-33853,0.3142,0.0153,,,.,
rs1827912,chr8:128308251,(T/C),0.1074,-891315,0.8705,0.0153,,5.0,4,
rs10505505,chr8:128739771,(T/G),0.1494,-459795,0.7206,0.0153,,5.0,2c,
rs201850155,chr8:129297790,(AGG/-),0.0202,98224,0.3526,0.0153,,,.,
rs542316622,chr8:129166663,(T/G),0.003,-32903,0.9222,0.0152,,,.,
rs547366209,chr8:129239094,(C/T),0.003,39528,0.9222,0.0152,,,.,
rs117840889,chr8:129233841,(A/T),0.0034,34275,0.8626,0.0151,,4.0,.,
rs16902073,chr8:128307773,(A/G),0.1064,-891793,0.8693,0.0151,,6.0,3a,
rs57316036,chr8:128463296,(-/T),0.1018,-736270,0.8907,0.0151,,,.,.
rs2114353,chr8:128880610,(G/A),0.4361,-318956,0.3398,0.015,,7.0,5,
rs13261159,chr8:128876491,(A/G),0.4361,-323075,0.3398,0.015,,8.0,4,
rs13277406,chr8:129289155,(T/C),0.1534,89589,0.7007,0.0149,,6.0,4,
rs28459758,chr8:128877131,(C/A),0.4371,-322435,0.3382,0.0149,,8.0,3a,
rs34411686,chr8:129288885,(-/CTTC),0.1532,89319,0.7003,0.0149,,,.,
rs13275576,chr8:129289112,(G/T),0.1532,89546,0.7003,0.0149,,6.0,4,
rs13277431,chr8:129289177,(T/G),0.1532,89611,0.7003,0.0149,,6.0,4,
rs13277679,chr8:129289246,(T/G),0.1532,89680,0.7003,0.0149,,6.0,4,
rs7010733,chr8:128585390,(T/C),0.0865,-614176,0.9678,0.0149,,4.0,5,
rs1447889392,chr8:129155276,(-/TATGTATG),0.2566,-44290,0.5067,0.0149,,,.,
rs6470633,chr8:129492598,(T/C),0.2582,293032,0.5044,0.0148,,7.0,7,
rs6470580,chr8:128827160,(A/G),0.0887,-372406,0.9529,0.0148,,4.0,4,
rs4427136,chr8:128879839,(G/A),0.4363,-319727,0.3369,0.0147,,10.0,3a,
rs76702360,chr8:128665353,(C/T),0.0833,-534213,0.9833,0.0147,,4.0,5,
rs7816991,chr8:128584630,(A/G),0.0857,-614936,0.9675,0.0147,,5.0,5,
rs2114354,chr8:128880699,(A/T),0.4359,-318867,0.3363,0.0147,,6.0,5,
rs1030105,chr8:129127793,(A/G),0.4922,-71773,0.2906,0.0146,,5.0,5,
rs79921026,chr8:129271554,(A/T),0.0887,71988,0.1585,0.0146,,5.0,3a,
rs59021996,chr8:129164888,(A/G),0.0825,-34678,0.9831,0.0146,,5.0,2b,
rs75280486,chr8:129164272,(G/A),0.0823,-35294,0.9831,0.0145,,5.0,3a,
rs78946431,chr8:129162868,(T/A),0.0823,-36698,0.9831,0.0145,,4.0,5,
rs11392430,chr8:129118153,(-/A),0.4058,-81413,0.3556,0.0145,,,.,
rs16902071,chr8:128307605,(A/G),0.103,-891961,0.865,0.0144,,6.0,5,
rs60964538,chr8:129162688,(C/A),0.0817,-36878,0.983,0.0144,,8.0,2b,
rs541827019,chr8:129150388,(G/A),0.0024,-49178,1.0,0.0143,,,.,
rs73710032,chr8:128841818,(T/A),0.1344,-357748,0.7413,0.0143,,4.0,5,
rs12548659,chr8:129924506,(C/G),0.3431,724940,0.404,0.0143,,3.0,4,
rs199830826,chr8:129035108,(TTTTTTTT/-),0.1949,-164458,0.5932,0.0143,,,.,
rs13266917,chr8:129922390,(G/C),0.3429,722824,0.4037,0.0143,,2.0,5,
rs7009991,chr8:129035824,(A/C),0.1947,-163742,0.5928,0.0142,,5.0,5,
rs7840738,chr8:128589198,(C/G),0.0833,-610368,0.9666,0.0142,,6.0,2b,
rs35491248,chr8:129935028,(C/T),0.3427,735462,0.4033,0.0142,,2.0,6,
rs141956948,chr8:129213316,(T/C),0.0044,13750,0.7346,0.0142,,4.0,.,
rs2064000,chr8:129305409,(A/C),0.3842,105843,0.2298,0.0142,,6.0,5,
rs547470453,chr8:129254515,(T/C),0.0028,54949,0.9166,0.014,,,.,
rs9693045,chr8:129247376,(T/C),0.133,47810,0.7385,0.014,,5.0,6,
rs7830548,chr8:128403915,(C/T),0.0871,-795651,0.9361,0.014,,6.0,4,
rs28446612,chr8:128202825,(G/A),0.094,-996741,0.8965,0.014,,4.0,5,
rs7840538,chr8:129242275,(G/C),0.1326,42709,0.7378,0.0139,,5.0,5,
rs56699449,chr8:128839774,(G/C),0.146,-359792,0.6951,0.0138,,9.0,4,
rs7812998,chr8:129238669,(G/A),0.132,39103,0.7366,0.0138,,5.0,4,
rs7835297,chr8:129241086,(C/T),0.132,41520,0.7366,0.0138,,3.0,5,
rs10505476,chr8:128408116,(C/T),0.3419,-791450,0.3979,0.0138,,8.0,4,
rs2064001,chr8:129305405,(C/T),0.4812,105839,0.2761,0.0138,,6.0,5,
rs7015116,chr8:129539982,(T/G),0.2522,340416,0.4926,0.0137,,6.0,4,
rs7014227,chr8:129936230,(T/C),0.0897,736664,0.9069,0.0136,,2.0,7,
rs1554226,chr8:129497226,(G/C),0.4301,297660,0.3274,0.0136,,5.0,5,
rs10101040,chr8:129233823,(A/T),0.1326,34257,0.7273,0.0136,,6.0,5,
rs7821002,chr8:129922884,(A/G),0.0895,723318,0.9067,0.0135,,4.0,5,
rs6993392,chr8:129015349,(G/A),0.0871,-184217,0.9201,0.0135,,6.0,4,
rs565125460,chr8:128327952,(G/A),0.0871,-871614,0.9201,0.0135,,,7,
rs76277625,chr8:129930024,(A/C),0.0893,730458,0.9065,0.0135,,2.0,5,
rs16902754,chr8:129249103,(C/A),0.1302,49537,0.7329,0.0135,,5.0,5,
rs6994591,chr8:129906294,(G/A),0.0891,706728,0.9063,0.0135,,2.0,7,
rs4733830,chr8:129104321,(C/A),0.3073,-95245,0.4252,0.0134,,8.0,2b,
rs1962471,chr8:128281708,(A/G),0.2704,-917858,0.465,0.0134,,5.0,6,
rs142227329,chr8:128584654,(-/C),0.0865,-614912,0.9196,0.0134,,,.,
rs987525,chr8:129946154,(C/A),0.2879,746588,0.4445,0.0134,,4.0,4,
rs11990827,chr8:128716879,(A/C),0.0911,-482687,0.8931,0.0134,,6.0,2b,
rs2395822,chr8:129579579,(C/T),0.3458,380013,0.3887,0.0134,,7.0,5,
rs7005002,chr8:129302467,(T/A),0.3842,102901,0.2231,0.0134,,5.0,5,
rs7846441,chr8:129912236,(T/C),0.0885,712670,0.9057,0.0133,,4.0,5,
rs10505479,chr8:128401735,(A/G),0.0859,-797831,0.919,0.0133,,4.0,5,
rs4733593,chr8:129114007,(G/A),0.4285,-85559,0.3249,0.0133,,4.0,4,
rs28405821,chr8:128328634,(G/A),0.0903,-870932,0.8921,0.0132,,3.0,5,
rs73361702,chr8:128668573,(T/C),0.0753,-530993,0.9815,0.0131,,5.0,6,
rs67292875,chr8:129287716,(TAAAT/-),0.1422,88150,0.687,0.0131,,2.0,.,
rs75366579,chr8:128400051,(T/C),0.0845,-799515,0.9177,0.013,,4.0,5,
rs6992962,chr8:129376357,(A/G),0.1046,176791,0.8139,0.013,,6.0,5,
rs4333550,chr8:129386435,(A/G),0.1046,186869,0.8139,0.013,,6.0,4,
rs1119880,chr8:129941195,(C/T),0.2806,741629,0.4448,0.0129,,1.0,6,
rs7821930,chr8:130089946,(T/C),0.4954,890380,0.2751,0.0129,,7.0,5,
rs7821147,chr8:128321694,(A/C),0.0863,-877872,0.9033,0.0129,,4.0,5,
rs28508496,chr8:128402117,(T/C),0.0837,-797449,0.9169,0.0129,,3.0,6,
rs377634832,chr8:129247096,(T/C),0.0026,47530,0.9102,0.0129,,,.,
rs4733594,chr8:129114232,(G/A),0.4277,-85334,0.3204,0.0129,,5.0,2b,
rs10113764,chr8:128216400,(A/C),0.1486,-983166,0.663,0.0129,,5.0,6,
rs78278600,chr8:129892117,(A/G),0.0859,692551,0.9028,0.0128,,3.0,7,
rs12386972,chr8:128629417,(A/G),0.2047,-570149,0.5447,0.0128,,5.0,5,
rs12386921,chr8:128629394,(T/C),0.2047,-570172,0.5447,0.0128,,4.0,5,
rs12386873,chr8:128629374,(G/A),0.2047,-570192,0.5447,0.0128,,4.0,5,
rs12386969,chr8:128629170,(A/T),0.2047,-570396,0.5447,0.0128,,5.0,5,
rs7839030,chr8:128629108,(G/A),0.2047,-570458,0.5447,0.0128,,4.0,5,
rs6470557,chr8:128628960,(A/G),0.2047,-570606,0.5447,0.0128,,5.0,4,
rs1443123,chr8:129592794,(G/A),0.344,393228,0.3815,0.0128,,7.0,6,
rs146175511,chr8:129098162,(A/G),0.003,-101404,0.8443,0.0128,,4.0,.,
rs6470555,chr8:128628832,(T/C),0.2063,-570734,0.5415,0.0128,,4.0,5,
rs6999552,chr8:129958176,(T/C),0.0759,758610,0.9633,0.0128,,5.0,6,
rs6995518,chr8:128644278,(A/G),0.1939,-555288,0.5624,0.0128,,5.0,5,
rs534033601,chr8:129253245,(T/C),0.0062,53679,0.5857,0.0127,,,.,
rs200080584,chr8:129907828,(T/C),0.1849,708262,0.5788,0.0127,,,7,
rs57622389,chr8:129298836,(G/A),0.0731,99270,0.981,0.0127,,2.0,7,
rs10109622,chr8:128458151,(C/T),0.2889,-741415,0.432,0.0127,,6.0,6,
rs1441990,chr8:130006472,(A/G),0.4882,806906,0.269,0.0127,,5.0,5,
rs114304215,chr8:128397258,(C/T),0.0805,-802308,0.9309,0.0127,,5.0,5,
rs7815165,chr8:128325806,(C/A),0.0829,-873760,0.9161,0.0127,,,7,
rs6470554,chr8:128628798,(G/A),0.2041,-570768,0.5434,0.0127,,4.0,5,
rs6470552,chr8:128628601,(C/T),0.2041,-570965,0.5434,0.0127,,5.0,4,
rs59878109,chr8:129009393,(C/G),0.0825,-190173,0.9157,0.0126,,8.0,3a,
rs4733828,chr8:129050794,(A/G),0.3263,-148772,0.1908,0.0126,,5.0,4,
rs2608034,chr8:129121956,(G/A),0.2706,-77610,0.45,0.0126,,8.0,3a,
rs1579748,chr8:129941196,(T/A),0.2786,741630,0.4408,0.0126,,4.0,6,
rs147993384,chr8:129953252,(GT/-),0.1354,753686,0.6918,0.0126,,,.,
rs7815021,chr8:128325722,(A/G),0.0845,-873844,0.9012,0.0126,,,6,
rs28582642,chr8:128672547,(A/G),0.0747,-527019,0.9628,0.0125,,2.0,5,
rs149724500,chr8:129074207,(C/T),0.012,-125359,0.4162,0.0125,,5.0,2b,
rs6470551,chr8:128628534,(T/A),0.2049,-571032,0.5384,0.0125,,4.0,4,
rs28735985,chr8:128628457,(C/T),0.2049,-571109,0.5384,0.0125,,4.0,4,
rs57058018,chr8:128628115,(C/T),0.2049,-571451,0.5384,0.0125,,5.0,5,
rs2648904,chr8:129109830,(A/G),0.3343,-89736,0.1936,0.0125,,8.0,5,
rs2466033,chr8:128210582,(G/T),0.2586,-988984,0.4621,0.0125,,7.0,5,
rs6470550,chr8:128626694,(A/T),0.2045,-572872,0.5375,0.0124,,5.0,5,
rs4461871,chr8:128625778,(G/A),0.2045,-573788,0.5375,0.0124,,6.0,5,
rs111715497,chr8:129220776,(G/C),0.0689,21210,1.0,0.0124,,3.0,7,
rs16902729,chr8:129221105,(T/C),0.0689,21539,1.0,0.0124,,4.0,5,
rs28410621,chr8:128291959,(C/T),0.0813,-907607,0.9144,0.0124,,4.0,7,
rs57039202,chr8:129619030,(C/T),0.0713,419464,0.9805,0.0124,,3.0,5,
rs60242065,chr8:128629807,(A/C),0.2023,-569759,0.5393,0.0124,,3.0,7,
rs11780279,chr8:128629800,(G/A),0.2023,-569766,0.5393,0.0124,,2.0,7,
rs4289773,chr8:129011123,(T/C),0.0811,-188443,0.9142,0.0124,,4.0,5,
rs11778312,chr8:128627800,(G/C),0.2057,-571766,0.5334,0.0123,,6.0,4,
rs759700418,chr8:129130859,(G/-),0.1773,-68707,0.126,0.0123,,,.,
rs16903668,chr8:129889147,(C/A),0.0831,689581,0.8995,0.0123,,4.0,7,
rs77715436,chr8:128397154,(G/C),0.0783,-802412,0.9289,0.0123,,4.0,5,
rs77249226,chr8:128285407,(A/C),0.0807,-914159,0.9138,0.0123,,4.0,6,
rs7386900,chr8:128624772,(T/C),0.2053,-574794,0.5325,0.0123,,5.0,7,
rs16903017,chr8:129492528,(T/C),0.0681,292962,1.0,0.0122,,4.0,7,
rs7839341,chr8:129407703,(C/T),0.3548,208137,0.2002,0.0122,,3.0,6,
rs16902730,chr8:129223074,(G/A),0.0679,23508,1.0,0.0122,,6.0,4,
rs28526124,chr8:128719982,(T/C),0.0849,-479584,0.8853,0.0122,,8.0,4,
rs6985973,chr8:129114428,(A/G),0.4425,-85138,0.3022,0.0122,,6.0,3a,
rs149085601,chr8:128624844,(AAAA/-),0.2045,-574722,0.5307,0.0121,,,.,
rs11780763,chr8:129596286,(G/T),0.4722,396720,0.2542,0.0121,,7.0,5,
rs117798382,chr8:129237156,(C/T),0.0142,37590,0.3751,0.0121,,5.0,4,
rs139732285,chr8:129224202,(A/G),0.0697,24636,0.98,0.0121,,3.0,5,
rs2245945,chr8:129112962,(C/T),0.358,-86604,0.359,0.0121,,5.0,5,
rs73707175,chr8:129037559,(C/A),0.0793,-162007,0.9123,0.012,,5.0,2b,
rs10103671,chr8:128627459,(C/T),0.2055,-572107,0.5262,0.012,,6.0,3a,
rs10103860,chr8:128627431,(G/A),0.2055,-572135,0.5262,0.012,,5.0,3a,
rs10108288,chr8:128740968,(C/T),0.1204,-458598,0.7228,0.012,,6.0,3a,
rs6987613,chr8:129044217,(G/A),0.1825,-155349,0.5656,0.012,,5.0,3a,
rs6987459,chr8:129044116,(G/C),0.1825,-155450,0.5656,0.012,,6.0,4,
rs6982570,chr8:129043346,(G/A),0.1825,-156220,0.5656,0.012,,6.0,4,
rs6470600,chr8:129043045,(G/A),0.1825,-156521,0.5656,0.012,,5.0,4,
rs7827564,chr8:129042469,(T/A),0.1825,-157097,0.5656,0.012,,4.0,6,
rs16902565,chr8:129039041,(G/C),0.1825,-160525,0.5656,0.012,,4.0,4,
rs72720883,chr8:129038908,(A/G),0.1825,-160658,0.5656,0.012,,6.0,4,
rs4443625,chr8:129038764,(G/A),0.1825,-160802,0.5656,0.012,,5.0,5,
rs7833713,chr8:129038340,(T/C),0.1825,-161226,0.5656,0.012,,4.0,5,
rs6470599,chr8:129038185,(G/A),0.1825,-161381,0.5656,0.012,,4.0,4,
rs924376,chr8:129036541,(T/C),0.1825,-163025,0.5656,0.012,,6.0,5,
rs7010574,chr8:129036062,(C/T),0.1825,-163504,0.5656,0.012,,5.0,4,
rs2456455,chr8:128209082,(T/C),0.498,-990484,0.2658,0.0119,,8.0,4,
rs527274003,chr8:129126275,(A/G),0.002,-73291,1.0,0.0119,,,.,
rs80145390,chr8:128815195,(T/C),0.1118,-384371,0.7512,0.0119,,8.0,3a,
rs77777997,chr8:129221942,(C/G),0.0663,22376,1.0,0.0119,,4.0,4,
rs7834064,chr8:129040594,(A/G),0.1821,-158972,0.5647,0.0119,,6.0,4,
rs4733592,chr8:129113880,(G/T),0.276,-85686,0.4305,0.0118,,6.0,3a,
rs6991512,chr8:128274135,(G/A),0.0877,-925431,0.8572,0.0118,,4.0,7,
rs79067996,chr8:129201630,(T/C),0.0685,2064,0.9797,0.0118,,5.0,5,
rs143186200,chr8:128762349,(TC/-),0.4131,-437217,0.3166,0.0118,,,.,
rs2466028,chr8:128200556,(T/C),0.4888,-999010,0.2716,0.0118,,9.0,4,
rs4451273,chr8:128624087,(A/G),0.2009,-575479,0.5292,0.0118,,5.0,4,
rs75756486,chr8:129137262,(T/C),0.0036,-62304,0.7405,0.0118,,4.0,.,
rs2608031,chr8:129164639,(C/G),0.0683,-34927,0.9796,0.0118,,5.0,2b,
rs10094450,chr8:129114742,(G/A),0.4433,-84824,0.2972,0.0118,,6.0,3a,
rs73707451,chr8:129222441,(A/C),0.0657,22875,1.0,0.0118,,4.0,3a,
rs10097420,chr8:128583548,(C/T),0.0897,-616018,0.8449,0.0118,,6.0,3a,
rs58273912,chr8:129298778,(A/G),0.0681,99212,0.9796,0.0118,,4.0,7,
rs73707452,chr8:129222558,(C/T),0.0655,22992,1.0,0.0117,,6.0,3a,
rs149776412,chr8:129070738,(T/C),0.0118,-128828,0.4063,0.0117,,5.0,4,
rs10956392,chr8:128881681,(T/C),0.4239,-317885,0.3077,0.0117,,5.0,3a,
rs140801437,chr8:129236380,(T/G),0.0024,36814,0.9027,0.0117,,4.0,.,
rs200555693,chr8:129239111,(T/-),0.0088,39545,0.4693,0.0116,,,.,
rs7840677,chr8:129543397,(C/A),0.0675,343831,0.9794,0.0116,,5.0,4,
rs59333443,chr8:128768168,(G/A),0.0933,-431398,0.821,0.0116,,5.0,4,
rs10956430,chr8:129531248,(G/A),0.4984,331682,0.2624,0.0116,,4.0,5,
rs59740902,chr8:129298783,(C/T),0.0673,99217,0.9793,0.0116,,4.0,6,
rs10089519,chr8:129532118,(A/G),0.4986,332552,0.2621,0.0116,,5.0,3a,
rs113996614,chr8:128705069,(T/A),0.0671,-494497,0.9793,0.0116,,5.0,6,
rs57782669,chr8:128761439,(T/C),0.1601,-438127,0.6005,0.0115,,7.0,2a,
rs78894837,chr8:128705787,(A/T),0.0669,-493779,0.9792,0.0115,,5.0,3a,
rs77103117,chr8:128705185,(G/A),0.0669,-494381,0.9792,0.0115,,5.0,7,
rs2466031,chr8:128209609,(A/G),0.499,-989957,0.2616,0.0115,,8.0,5,
rs80289709,chr8:128818713,(A/T),0.1076,-380853,0.7545,0.0115,,2.0,5,
rs141789747,chr8:129015493,(TTCC/-),0.147,-184073,0.6309,0.0115,,,.,
rs16902387,chr8:128759405,(T/A),0.1597,-440161,0.5995,0.0115,,6.0,3a,
rs7003472,chr8:128758679,(C/G),0.1597,-440887,0.5995,0.0115,,5.0,4,
rs7462301,chr8:128757350,(G/A),0.1595,-442216,0.599,0.0114,,5.0,3a,
rs4733834,chr8:129138365,(A/G),0.131,-61201,0.6709,0.0114,,,6,
rs114436093,chr8:129242504,(C/T),0.014,42938,0.3661,0.0113,,5.0,5,
rs16902507,chr8:129001797,(G/A),0.0757,-197769,0.9081,0.0113,,7.0,4,
rs7818443,chr8:128755603,(C/A),0.1571,-443963,0.6017,0.0113,,6.0,4,
rs10709365,chr8:129038562,(T/-),0.1929,-161004,0.5313,0.0113,,,.,
rs11341580,chr8:129382438,(T/-),0.2632,182872,0.4345,0.0113,,,.,
rs7357552,chr8:128658961,(C/T),0.1364,-540605,0.6533,0.0113,,5.0,7,
rs13251958,chr8:128213015,(A/G),0.0707,-986551,0.941,0.0113,,4.0,4,
rs113585159,chr8:128743487,(C/T),0.0755,-456079,0.9079,0.0113,,3.0,7,
rs143525441,chr8:128203024,(-/TC),0.4952,-996542,0.2613,0.0112,,2.0,.,
rs146595128,chr8:129128891,(T/C),0.009,-70675,0.4551,0.0112,,2.0,4,
rs1476163,chr8:129572549,(C/G),0.3315,372983,0.3664,0.0112,,6.0,5,
rs79635853,chr8:129116275,(C/G),0.0062,-83291,0.548,0.0112,,6.0,4,
rs11288354,chr8:129573749,(T/-),0.2007,374183,0.5149,0.0112,,,.,
rs7813907,chr8:129256154,(G/C),0.2023,56588,0.5118,0.0111,,3.0,5,
rs16902286,chr8:128676087,(C/T),0.0673,-523479,0.9587,0.0111,,5.0,3a,
rs16893221,chr8:129960468,(G/C),0.0948,760902,0.7947,0.0111,,4.0,7,
rs75321832,chr8:128705407,(A/G),0.0671,-494159,0.9585,0.0111,,5.0,3a,
rs4733809,chr8:128989292,(C/T),0.3836,-210274,0.3256,0.0111,,6.0,3a,
rs6986528,chr8:128987588,(T/C),0.3836,-211978,0.3256,0.0111,,8.0,3a,
rs113430162,chr8:129003490,(G/A),0.0743,-196076,0.9064,0.0111,,4.0,5,
rs7831755,chr8:128703519,(C/T),0.0669,-496047,0.9584,0.011,,4.0,5,
rs4733603,chr8:129297464,(T/C),0.2614,97898,0.1526,0.011,,5.0,6,
rs993725,chr8:128988220,(C/T),0.3834,-211346,0.3252,0.011,,10.0,4,
rs73351177,chr8:128818908,(G/A),0.105,-380658,0.7484,0.011,,6.0,4,
rs60761694,chr8:129012614,(C/T),0.0741,-186952,0.9061,0.011,,7.0,4,
rs884782,chr8:129463839,(T/C),0.3417,264273,0.1845,0.011,,5.0,6,
rs10094303,chr8:128218724,(A/G),0.2804,-980842,0.4096,0.011,,6.0,4,
rs73708261,chr8:129968105,(A/G),0.0962,768539,0.7832,0.011,,4.0,7,
rs4344043,chr8:130153980,(G/A),0.0639,954414,0.9782,0.011,,5.0,6,
rs6995732,chr8:129538595,(T/C),0.3347,339029,0.36,0.0109,,7.0,3a,
rs149673464,chr8:128206702,(T/G),0.0663,-992864,0.958,0.0109,,2.0,7,
rs13273814,chr8:128428656,(A/C),0.2228,-770910,0.4757,0.0109,,1.0,5,missense
rs2648907,chr8:129115206,(G/A),0.2177,-84360,0.4824,0.0109,,6.0,3a,
rs1909457,chr8:129031617,(T/C),0.2284,-167949,0.1384,0.0108,,8.0,3a,
rs10505511,chr8:129553545,(T/C),0.0633,353979,0.978,0.0108,,6.0,5,
rs56656500,chr8:128670181,(A/G),0.0607,-529385,1.0,0.0108,,4.0,5,
rs5894886,chr8:128513525,(G/-),0.0731,-686041,0.9048,0.0108,,,.,
rs57471303,chr8:129535878,(-/AAGTCTGAACTTAT),0.3339,336312,0.3585,0.0108,,,.,.
rs6983007,chr8:129004584,(T/C),0.0729,-194982,0.9046,0.0108,,7.0,7,
rs182481609,chr8:129181056,(A/T),0.0018,-18510,1.0,0.0107,,6.0,.,
rs75373628,chr8:129221973,(T/C),0.0018,22407,1.0,0.0107,,4.0,.,
rs191184092,chr8:129258774,(T/C),0.0018,59208,1.0,0.0107,,5.0,.,
rs180863403,chr8:129139982,(G/A),0.0034,-59584,0.7253,0.0107,,6.0,.,
rs7011869,chr8:128704852,(G/A),0.0625,-494714,0.9777,0.0107,,6.0,5,
rs11988635,chr8:128757408,(G/A),0.1536,-442158,0.5924,0.0107,,5.0,2b,
rs56107661,chr8:129274737,(G/A),0.0673,75171,0.938,0.0106,,5.0,7,
rs79481306,chr8:129276718,(G/T),0.0673,77152,0.938,0.0106,,6.0,5,
rs55672330,chr8:128908855,(-/TTTA),0.2115,-290711,0.1304,0.0106,,,.,
rs76830470,chr8:128704455,(A/T),0.0621,-495111,0.9776,0.0106,,5.0,5,
rs75830441,chr8:128704394,(C/G),0.0621,-495172,0.9776,0.0106,,4.0,5,
rs13271938,chr8:128876997,(T/C),0.4131,-322569,0.2998,0.0106,,2.0,5,
rs13269782,chr8:128876980,(C/G),0.4131,-322586,0.2998,0.0106,,2.0,5,
rs13271900,chr8:128876960,(T/A),0.4131,-322606,0.2998,0.0106,,6.0,5,
rs16902767,chr8:129271673,(C/T),0.0671,72107,0.9378,0.0106,,5.0,4,
rs79589099,chr8:129275714,(A/G),0.0671,76148,0.9378,0.0106,,4.0,4,
rs28555160,chr8:128201251,(A/G),0.0671,-998315,0.9378,0.0106,,6.0,4,
rs13269511,chr8:128876943,(A/G),0.4129,-322623,0.2994,0.0106,,5.0,5,
rs140232520,chr8:129265986,(G/-),0.0669,66420,0.9376,0.0106,,,.,
rs141063461,chr8:129266895,(T/-),0.0669,67329,0.9376,0.0106,,,.,
rs16902766,chr8:129269510,(C/G),0.0669,69944,0.9376,0.0106,,6.0,2b,
rs368935326,chr8:129077443,(T/A),0.0833,-122123,0.833,0.0106,,,5,
rs143432559,chr8:129141914,(A/T),0.003,-57652,0.7665,0.0105,,4.0,.,
rs141781820,chr8:129294308,(-/AAG),0.4095,94742,0.3004,0.0105,,,.,
rs10100721,chr8:128282996,(G/T),0.2486,-916570,0.4349,0.0105,,4.0,6,
rs10112477,chr8:130160834,(T/G),0.3486,961268,0.3418,0.0105,,6.0,5,
rs4871775,chr8:128271095,(C/T),0.4137,-928471,0.21,0.0105,,4.0,7,
rs10102389,chr8:128632444,(A/G),0.0639,-567122,0.9565,0.0105,,6.0,5,
rs13264259,chr8:129293106,(T/C),0.4093,93540,0.3001,0.0105,,4.0,5,
rs73709258,chr8:128599496,(T/C),0.0613,-600070,0.9773,0.0105,,4.0,5,
rs113715403,chr8:129271685,(T/C),0.0026,72119,0.8204,0.0104,,1.0,.,
rs7003004,chr8:129293492,(C/T),0.4091,93926,0.2997,0.0104,,4.0,4,
rs143043628,chr8:128629867,(AA/-),0.24,-569699,0.4437,0.0104,,,.,
rs573797133,chr8:128948049,(A/T),0.0044,-251517,0.6285,0.0104,,,.,
rs113661292,chr8:128626164,(C/T),0.0635,-573402,0.9562,0.0104,,2.0,7,
rs16902770,chr8:129272087,(G/A),0.0755,72521,0.871,0.0104,,6.0,3a,
rs2466029,chr8:128200971,(C/G),0.483,-998595,0.2571,0.0104,,6.0,5,
rs76508090,chr8:128624636,(A/G),0.0633,-574930,0.9561,0.0104,,2.0,5,
rs151057662,chr8:128530938,(A/-),0.135,-668628,0.6291,0.0104,,,.,
rs4132423,chr8:128735502,(T/A),0.1154,-464064,0.6867,0.0103,,,5,
rs4871778,chr8:128273928,(G/C),0.4321,-925638,0.2163,0.0103,,4.0,5,
rs73361701,chr8:128668483,(T/C),0.0579,-531083,1.0,0.0103,,6.0,5,
rs75945431,chr8:129267279,(G/T),0.1038,67713,0.122,0.0103,,6.0,5,
rs28658491,chr8:128735501,(A/G),0.1152,-464065,0.6861,0.0103,,4.0,5,
rs12056478,chr8:129286449,(C/T),0.2588,86883,0.1462,0.0103,,6.0,4,
rs13251901,chr8:129299261,(A/G),0.4079,99695,0.2977,0.0102,,4.0,5,
rs16902768,chr8:129271933,(G/A),0.0675,72367,0.9176,0.0102,,4.0,5,
rs10106481,chr8:129293534,(G/A),0.0573,93968,1.0,0.0102,,5.0,5,
rs1443124,chr8:129583697,(G/A),0.3271,384131,0.3537,0.0102,,8.0,6,
rs76252028,chr8:128584301,(C/G),0.0571,-615265,1.0,0.0102,,2.0,5,
rs6983380,chr8:129273773,(G/A),0.0671,74207,0.9171,0.0101,,3.0,5,
rs36077321,chr8:129036705,(-/A),0.145,-162861,0.5971,0.0101,,,.,
rs73707448,chr8:129220312,(G/A),0.0567,20746,1.0,0.0101,,5.0,3a,
rs73707450,chr8:129221140,(G/A),0.0567,21574,1.0,0.0101,,5.0,4,
rs147593341,chr8:129221846,(C/T),0.0567,22280,1.0,0.0101,,3.0,5,
rs7825928,chr8:128470608,(A/C),0.4295,-728958,0.2125,0.0101,,8.0,3a,
rs16902761,chr8:129266528,(G/A),0.1034,66962,0.1209,0.0101,,4.0,5,
rs13270017,chr8:128991152,(G/T),0.1977,-208414,0.4934,0.0101,,6.0,5,
rs2466035,chr8:128211229,(T/C),0.4501,-988337,0.2707,0.0101,,7.0,5,
rs16902308,chr8:128700384,(T/C),0.0617,-499182,0.9549,0.0101,,5.0,3a,
rs6470698,chr8:130149596,(C/T),0.2919,950030,0.3807,0.01,,6.0,5,
rs56711955,chr8:128758079,(T/-),0.4469,-441487,0.2717,0.01,,,.,
